0.231 0.585 0.787 0.675   1.0
0.714 0.839 0.165 0.887   1.0
0.457 0.452 0.624 0.663   1.0
0.430 0.670 0.312 0.796   1.0
0.312 0.254 0.339 0.466   -1.0
0.320 0.653 0.110 0.041   -1.0
0.649 0.064 0.396 0.970   1.0
0.690 0.202 0.637 0.476   1.0
0.460 0.424 0.684 0.779   1.0
0.885 0.046 0.230 0.089   -1.0
0.746 0.862 0.570 0.228   1.0
0.221 0.109 0.807 0.113   -1.0
0.032 0.145 0.810 0.722   -1.0
0.276 0.848 0.242 0.758   1.0
0.462 0.673 0.263 0.798   1.0
0.446 0.570 0.438 0.904   1.0
0.161 0.241 0.084 0.187   -1.0
0.841 0.768 0.270 0.429   1.0
0.316 0.065 0.873 0.659   -1.0
0.975 0.341 0.016 0.637   -1.0
0.798 0.807 0.876 0.595   1.0
0.417 0.486 0.186 0.251   -1.0
0.860 0.305 0.337 0.289   -1.0
0.709 0.553 0.122 0.131   -1.0
0.965 0.073 0.097 0.905   1.0
0.612 0.948 0.354 0.020   -1.0
0.876 0.385 0.182 0.115   1.0
0.174 0.855 0.644 0.730   1.0
0.382 0.158 0.065 0.645   -1.0
0.377 0.758 0.073 0.997   1.0
0.962 0.882 0.050 0.578   1.0
0.349 0.039 0.510 0.225   -1.0
0.113 0.745 0.596 0.266   -1.0
0.416 0.091 0.479 0.310   -1.0
0.407 0.963 0.831 0.339   1.0
0.782 0.827 0.968 0.153   -1.0
0.398 0.218 0.729 0.587   -1.0
0.449 0.008 0.205 0.100   -1.0
0.771 0.280 0.085 0.663   -1.0
0.268 0.954 0.941 0.835   1.0
0.323 0.278 0.994 0.620   1.0
0.879 0.604 0.576 0.071   1.0
0.054 0.070 0.883 0.501   -1.0
0.873 0.226 0.503 0.089   -1.0
0.479 0.581 0.625 0.548   1.0
0.870 0.878 0.614 0.592   1.0
0.890 0.213 0.743 0.317   1.0
0.588 0.685 0.989 0.020   1.0
0.279 0.424 0.630 0.150   -1.0
0.387 0.743 0.640 0.013   -1.0
0.646 0.551 0.810 0.173   -1.0
0.385 0.558 0.784 0.779   1.0
0.074 0.010 0.119 0.442   -1.0
0.226 0.075 0.756 0.356   -1.0
0.850 0.235 0.931 0.123   1.0
0.969 0.134 0.313 0.713   1.0
0.741 0.327 0.796 0.817   1.0
0.553 0.205 0.981 0.021   -1.0
0.842 0.389 0.793 0.427   1.0
0.996 0.227 0.275 0.801   1.0
0.877 0.163 0.025 0.478   -1
0.995 0.771 0.328 0.682   -1.0
0.066 0.868 0.772 0.634   1.0
0.048 0.390 0.632 0.795   -1.0
0.285 0.307 0.377 0.422   -1.0
0.816 0.327 0.604 0.017   -1.0
0.897 0.396 0.648 0.054   -1.0
0.132 0.522 0.409 0.957   1.0
0.876 0.439 0.055 0.785   1.0
0.198 0.616 0.209 0.437   -1.0
0.421 0.857 0.848 0.657   1.0
0.008 0.034 0.817 0.809   -1.0
0.669 0.772 0.121 0.800   -1.0
0.168 0.921 0.716 0.453   1.0
0.062 0.031 0.374 0.918   -1.0
0.094 0.232 0.742 0.798   -1.0
0.029 0.951 0.906 0.171   1.0
0.195 0.387 0.525 0.869   -1.0
0.474 0.548 0.060 0.665   -1.0
0.268 0.062 0.121 0.286   -1.0
0.814 0.254 0.537 0.136   -1.0
0.997 0.733 0.350 0.419   1.0
0.597 0.343 0.333 0.424   -1.0
0.311 0.886 0.245 0.765   1.0
0.566 0.624 0.964 0.996   1.0
0.584 0.255 0.844 0.035   -1.0
0.287 0.395 0.117 0.331   -1.0
0.301 0.436 0.519 0.707   -1.0
0.427 0.563 0.409 0.405   -1.0
0.062 0.523 0.122 0.385   -1.0
0.420 0.033 0.048 0.114   -1.0
0.722 0.611 0.706 0.960   1.0
0.914 0.416 0.636 0.180   1.0
0.245 0.684 0.486 0.845   1.0
0.888 0.584 0.649 0.189   1.0
0.574 0.261 0.187 0.082   1.0
0.229 0.080 0.946 0.941   1.0
0.589 0.772 0.108 0.560   -1.0
0.378 0.650 0.629 0.397   1.0
0.274 0.626 0.273 0.540   -1.0
0.245 0.668 0.311 0.330   -1.0
0.495 0.942 0.973 0.745   1.0
0.352 0.791 0.948 0.418   1.0
0.613 0.583 0.095 0.158   -1.0
0.828 0.162 0.547 0.125   -1.0
0.496 0.014 0.850 0.887   1.0
0.134 0.902 0.825 0.389   1.0
0.560 0.351 0.109 0.738   -1.0
0.659 0.577 0.937 0.995   1.0
0.375 0.255 0.587 0.012   1.0
0.502 0.057 0.326 0.753   -1.0
0.197 0.819 0.734 0.250   1.0
0.201 0.681 0.199 0.207   -1.0
0.736 0.793 0.485 0.651   1.0
0.696 0.105 0.699 0.888   1.0
0.563 0.148 0.179 0.505   -1.0
0.977 0.790 0.230 0.044   1.0
0.059 0.571 0.067 0.685   -1.0
0.250 0.798 0.109 0.521   -1.0
0.675 0.805 0.960 0.702   1.0
0.807 0.678 0.495 0.239   1.0
0.776 0.247 0.994 0.716   1.0
0.554 0.740 0.929 0.477   1.0
0.541 0.683 0.161 0.781   -1.0
0.170 0.129 0.508 0.171   -1.0
0.393 0.955 0.423 0.111   -1.0
0.547 0.926 0.247 0.797   1.0
0.404 0.471 0.966 0.962   1.0
0.331 0.157 0.278 0.150   -1.0
0.192 0.312 0.589 0.395   -1.0
0.455 0.155 0.734 0.736   1.0
0.032 0.916 0.480 0.391   -1.0
0.411 0.440 0.145 0.523   -1.0
0.548 0.609 0.880 0.125   1.0
0.970 0.110 0.551 0.695   1.0
0.318 0.146 0.387 0.297   -1.0
0.040 0.985 0.910 0.931   1.0
0.387 0.557 0.209 0.931   1.0
0.792 0.371 0.422 0.601   1.0
0.977 0.710 0.467 0.561   -1.0
0.750 0.563 0.654 0.453   1.0
0.814 0.520 0.939 0.847   1.0
0.923 0.151 0.560 0.776   1.0
0.618 0.477 0.511 0.117   -1.0
0.777 0.938 0.170 0.956   1.0
0.448 0.636 0.156 0.616   -1.0
0.629 0.031 0.572 0.828   1.0
0.978 0.074 0.647 0.066   -1.0
0.413 0.432 0.396 0.403   -1.0
0.501 0.722 0.574 0.110   -1.0
0.476 0.486 0.028 0.581   -1.0
0.591 0.988 0.637 0.940   1.0
0.573 0.851 0.771 0.421   1.0
0.110 0.378 0.842 0.526   -1.0
0.342 0.463 0.828 0.595   1.0
0.678 0.025 0.147 0.997   -1.0
0.730 0.297 0.908 0.900   1.0
0.982 0.198 0.546 0.511   1.0
0.818 0.819 0.036 0.291   -1.0
0.547 0.248 0.543 0.968   1.0
0.881 0.910 0.502 0.909   -1.0
0.859 0.487 0.674 0.883   1.0
0.891 0.872 0.329 0.223   1.0
0.261 0.074 0.232 0.157   -1.0
0.685 0.068 0.864 0.696   1.0
0.849 0.396 0.844 0.085   1.0
0.339 0.873 0.730 0.518   1.0
0.889 0.676 0.084 0.297   -1.0
0.446 0.060 0.004 0.085   -1.0
0.151 0.878 0.054 0.049   -1.0
0.712 0.657 0.759 0.027   1.0
0.085 0.343 0.965 0.079   -1.0
0.091 0.794 0.655 0.011   -1.0
0.198 0.373 0.254 0.608   -1.0
0.338 0.270 0.687 0.209   -1.0
0.305 0.967 0.914 0.747   1.0
0.789 0.539 0.158 0.510   -1.0
0.762 0.630 0.509 0.132   1.0
0.236 0.850 0.021 0.283   -1.0
0.430 0.299 0.991 0.674   1.0
0.391 0.257 0.596 0.919   -1.0
0.041 0.566 0.045 0.521   -1.0
0.356 0.534 0.900 0.681   1.0
0.079 0.141 0.335 0.322   -1.0
0.320 0.541 0.108 0.583   -1.0
0.262 0.574 0.945 0.231   1.0
0.040 0.686 0.540 0.329   -1.0
0.387 0.122 0.451 0.496   -1.0
0.087 0.695 0.760 0.848   1.0
0.840 0.186 0.791 0.481   1.0
0.130 0.220 0.395 0.788   -1.0
0.540 0.221 0.271 0.289   -1.0
0.080 0.996 0.906 0.609   1.0
0.609 0.494 0.026 0.295   -1.0
0.607 0.294 0.188 0.790   -1.0
0.849 0.690 0.012 0.639   1.0
0.785 0.649 0.430 0.213   1.0
0.169 0.237 0.312 0.539   -1.0
0.179 0.170 0.466 0.197   -1.0
0.623 0.531 0.362 0.887   1.0
0.098 0.487 0.779 0.985   1.0
0.873 0.963 0.679 0.611   -1.0
0.727 0.509 0.835 0.919   1.0
0.652 0.191 0.030 0.257   -1.0
0.876 0.937 0.190 0.164   1.0
0.494 0.163 0.735 0.936   1.0
0.007 0.888 0.538 0.806   1.0
0.561 0.622 0.188 0.658   1.0
0.388 0.280 0.026 0.524   -1.0
0.086 0.799 0.720 0.921   1.0
0.516 0.818 0.522 0.076   -1.0
0.821 0.367 0.835 0.708   -1.0
0.832 0.751 0.621 0.472   1.0
0.091 0.115 0.691 0.534   -1.0
0.938 0.047 0.659 0.274   -1.0
0.703 0.827 0.619 0.403   1.0
0.553 0.487 0.535 0.892   1.0
0.211 0.147 0.610 0.156   -1.0
0.058 0.426 0.268 0.324   -1.0
0.952 0.371 0.142 0.321   -1.0
0.138 0.881 0.642 0.526   1.0
0.074 0.843 0.629 0.865   1.0
0.572 0.119 0.610 0.683   -1.0
0.456 0.431 0.285 0.770   -1.0
0.031 0.348 0.931 0.172   -1.0
0.241 0.184 0.335 0.804   -1.0
0.676 0.444 0.489 0.148   -1.0
0.714 0.259 0.583 0.796   1.0
0.836 0.059 0.462 0.468   -1.0
0.560 0.224 0.259 0.804   -1.0
0.866 0.122 0.644 0.324   -1.0
0.349 0.477 0.175 0.450   -1.0
0.952 0.646 0.342 0.563   1.0
0.425 0.454 0.408 0.894   1.0
0.827 0.210 0.054 0.309   -1.0
0.481 0.102 0.371 0.217   -1.0
0.706 0.438 0.165 0.441   -1.0
0.951 0.396 0.116 0.875   1.0
0.844 0.509 0.850 0.606   1.0
0.224 0.185 0.358 0.021   -1.0
0.632 0.237 0.796 0.188   -1.0
0.609 0.825 0.996 0.609   1.0
0.621 0.726 0.957 0.811   1.0
0.084 0.725 0.082 0.704   -1.0
0.063 0.181 0.916 0.973   1.0
0.345 0.538 0.254 0.171   -1.0
0.926 0.164 0.142 0.092   -1.0
0.557 0.013 0.833 0.396   -1.0
0.681 0.712 0.238 0.041   -1.0
0.715 0.068 0.179 0.530   -1.0
0.965 0.229 0.620 0.002   -1.0
0.690 0.070 0.568 0.673   1.0
0.187 0.192 0.790 0.478   -1.0
0.073 0.255 0.059 0.910   -1.0
0.886 0.534 0.869 0.656   1.0
0.896 0.322 0.501 0.911   1.0
0.746 0.186 0.177 0.052   -1.0
0.336 0.067 0.325 0.493   -1.0
0.332 0.877 0.818 0.794   1.0
0.805 0.182 0.990 0.742   1.0
0.368 0.958 0.234 0.887   1.0
0.358 0.603 0.194 0.608   -1.0
0.433 0.882 0.056 0.773   -1.0
0.425 0.684 0.260 0.027   -1.0
0.870 0.201 0.957 0.278   1.0
0.456 0.650 0.596 0.080   -1.0
0.159 0.572 0.230 0.014   -1.0
0.404 0.828 0.979 0.239   1.0
0.588 0.526 0.146 0.400   -1.0
0.097 0.734 0.665 0.879   1.0
0.422 0.668 0.269 0.928   1.0
0.661 0.804 0.232 0.667   1.0
0.485 0.767 0.644 0.218   1.0
0.303 0.045 0.576 0.732   -1.0
0.862 0.894 0.615 0.873   1.0
0.185 0.729 0.919 0.355   1.0
0.818 0.596 0.584 0.363   1.0
0.778 0.161 0.008 0.862   -1.0
0.682 0.051 0.096 0.148   1.0
0.266 0.073 0.106 0.169   -1.0
0.019 0.519 0.556 0.258   -1.0
0.318 0.964 0.022 0.489   -1.0
0.483 0.173 0.611 0.569   1.0
0.950 0.425 0.363 0.910   1.0
0.943 0.748 0.096 0.279   1.0
0.508 0.659 0.613 0.274   -1.0
0.472 0.517 0.271 0.664   -1.0
0.992 0.744 0.617 0.870   1.0
0.142 0.005 0.399 0.233   -1.0
0.254 0.309 0.750 0.348   -1.0
0.961 0.680 0.165 0.002   -1.0
0.102 0.768 0.561 0.747   1.0
0.318 0.785 0.676 0.929   1.0
0.177 0.778 0.157 0.082   -1.0
0.569 0.634 0.402 0.698   1.0
0.743 0.730 0.135 0.314   -1.0
0.621 0.094 0.041 0.123   -1.0
0.398 0.504 0.632 0.259   -1.0
0.023 0.939 0.579 0.628   1.0
0.283 0.029 0.125 0.755   -1.0
0.936 0.212 0.352 0.630   1.0
0.745 0.992 0.177 0.805   -1.0
0.969 0.933 0.342 0.371   1.0
0.770 0.031 0.397 0.081   -1.0
0.817 0.509 0.905 0.866   1.0
0.919 0.452 0.729 0.731   1.0
0.704 0.173 0.189 0.429   -1.0
0.120 0.638 0.813 0.509   1.0
0.236 0.828 0.385 0.615   1.0
0.646 0.466 0.759 0.442   1.0
0.221 0.909 0.172 0.738   1.0
0.987 0.789 0.346 0.246   1.0
0.790 0.492 0.988 0.300   1.0
0.341 0.116 0.542 0.075   -1.0
0.495 0.869 0.663 0.012   1.0
0.110 0.550 0.437 0.542   -1.0
0.525 0.449 0.108 0.533   -1.0
0.329 0.453 0.353 0.018   -1.0
0.387 0.150 0.818 0.949   1.0
0.410 0.955 0.111 0.462   -1.0
0.042 0.587 0.508 0.231   -1.0
0.139 0.731 0.394 0.265   -1.0
0.109 0.469 0.929 0.829   1.0
0.619 0.231 0.902 0.240   -1.0
0.029 0.761 0.377 0.080   -1.0
0.915 0.310 0.717 0.765   1.0
0.618 0.592 0.286 0.535   1.0
0.725 0.598 0.100 0.664   -1.0
0.881 0.550 0.171 0.623   1.0
0.465 0.627 0.932 0.426   1.0
0.878 0.186 0.727 0.529   1.0
0.014 0.270 0.363 0.359   -1.0
0.569 0.287 0.659 0.755   -1.0
0.985 0.146 0.982 0.920   1.0
0.368 0.900 0.528 0.816   1.0
0.982 0.828 0.223 0.405   1.0
0.405 0.383 0.067 0.914   -1.0
0.992 0.695 0.756 0.952   1.0
0.769 0.947 0.781 0.425   1.0
0.917 0.621 0.511 0.173   1.0
0.864 0.486 0.734 0.734   1.0
0.486 0.091 0.842 0.152   -1.0
0.218 0.967 0.929 0.438   1.0
0.407 0.345 0.243 0.808   -1.0
0.120 0.496 0.187 0.458   -1.0
0.888 0.464 0.173 0.236   -1.0
0.035 0.458 0.602 0.098   -1.0
0.581 0.463 0.985 0.241   1.0
0.453 0.978 0.030 0.878   1.0
0.769 0.187 0.874 0.609   1.0
0.342 0.546 0.420 0.032   -1.0
0.344 0.617 0.244 0.155   -1.0
0.176 0.992 0.572 0.094   -1.0
0.915 0.810 0.075 0.041   -1.0
0.475 0.394 0.914 0.114   1.0
0.397 0.690 0.903 0.803   1.0
0.249 0.888 0.580 0.862   1.0
0.750 0.914 0.977 0.601   1.0
0.582 0.004 0.218 0.001   -1.0
0.325 0.679 0.233 0.086   -1.0
0.229 0.077 0.079 0.831   -1.0
0.651 0.286 0.947 0.484   1.0
0.338 0.721 0.704 0.875   -1.0
0.523 0.024 0.527 0.797   -1.0
0.713 0.323 0.600 0.426   1.0
0.191 0.326 0.938 0.894   1.0
0.159 0.200 0.188 0.426   1.0
0.258 0.561 0.861 0.437   1.0
0.932 0.592 0.776 0.673   1.0
0.835 0.081 0.990 0.649   1.0
0.837 0.130 0.898 0.591   1.0
0.634 0.751 0.044 0.507   -1.0
0.654 0.965 0.703 0.754   1.0
0.117 0.829 0.124 0.639   -1.0
0.001 0.489 0.829 0.106   -1.0
0.745 0.337 0.267 0.694   1.0
0.046 0.679 0.963 0.551   1.0
0.844 0.603 0.380 0.828   1.0
0.296 0.610 0.662 0.377   -1.0
0.804 0.090 0.481 0.832   1.0
0.658 0.797 0.724 0.983   1.0
0.342 0.571 0.301 0.923   -1.0
0.706 0.851 0.893 0.717   1.0
0.522 0.801 0.057 0.077   -1.0
0.181 0.563 0.815 0.398   -1.0
0.287 0.681 0.641 0.385   -1.0
0.916 0.134 0.329 0.476   -1.0
0.513 0.174 0.733 0.175   -1.0
0.136 0.950 0.183 0.825   1.0
0.140 0.462 0.569 0.942   1.0
0.118 0.146 0.617 0.094   -1.0
0.026 0.769 0.398 0.245   -1.0
0.155 0.460 0.652 0.335   -1.0
0.731 0.404 0.158 0.238   -1.0
0.175 0.480 0.946 0.607   1.0
0.767 0.668 0.732 0.973   1.0
1.000 0.674 0.363 0.326   1.0
0.018 0.818 0.437 0.805   1.0
0.539 0.492 0.591 0.644   1.0
0.090 0.003 0.242 0.631   -1.0
0.987 0.617 0.834 0.988   1.0
0.545 0.572 0.795 0.980   1.0
0.843 0.168 0.453 0.437   -1.0
0.361 0.008 0.723 0.830   -1.0
0.965 0.438 0.018 0.743   1.0
0.638 0.632 0.005 0.959   -1.0
0.556 0.767 0.244 0.881   1.0
0.751 0.763 0.670 0.395   1.0
0.508 0.468 0.281 0.932   1.0
0.875 0.783 0.659 0.612   1.0
0.627 0.530 0.484 0.179   -1.0
0.253 0.261 0.681 0.295   -1.0
0.474 0.152 0.706 0.546   -1.0
0.844 0.469 0.290 0.239   -1.0
0.503 0.241 0.958 0.087   -1.0
0.201 0.982 0.372 0.009   -1.0
0.598 0.921 0.616 0.256   1.0
0.742 0.134 0.971 0.908   1.0
0.446 0.901 0.792 0.315   1.0
0.070 0.613 0.845 0.253   -1.0
0.250 0.511 0.744 0.551   1.0
0.826 0.983 0.659 0.543   1.0
0.540 0.328 0.805 0.093   -1.0
0.846 0.069 0.237 0.463   -1.0
0.051 0.769 0.934 0.251   1.0
0.263 0.560 0.075 0.405   -1.0
0.315 0.933 0.296 0.444   -1.0
0.734 0.487 0.374 0.945   1.0
0.468 0.476 0.794 0.172   -1.0
0.402 0.064 0.400 0.136   -1.0
0.361 0.468 0.913 0.195   -1.0
0.501 0.332 0.079 0.098   -1.0
0.065 0.222 0.200 0.235   -1.0
0.999 0.787 0.565 0.012   1.0
0.876 0.037 0.766 0.253   -1.0
0.220 0.278 0.138 0.614   -1.0
0.562 0.861 0.065 0.797   1.0
0.432 0.605 0.414 0.571   1.0
0.525 0.125 0.450 0.183   -1.0
0.708 0.028 0.487 0.062   -1.0
0.352 0.572 0.265 0.484   -1.0
0.429 0.912 0.538 0.254   1.0
0.534 0.953 0.114 0.615   -1.0
0.432 0.713 0.623 0.769   1.0
0.644 0.066 0.148 0.298   -1.0
0.351 0.901 0.029 0.244   -1.0
0.415 0.922 0.244 0.508   1.0
0.171 0.043 0.793 0.391   -1.0
0.875 0.972 0.512 0.306   1.0
0.547 0.616 0.974 0.130   1.0
0.232 0.437 0.324 0.814   -1.0
0.207 0.848 0.970 0.088   1.0
0.559 0.918 0.474 0.654   1.0
0.829 0.662 0.940 0.569   1.0
0.818 0.890 0.012 0.560   1.0
0.330 0.189 0.173 0.718   -1.0
0.218 0.353 0.126 0.229   -1.0
0.584 0.991 0.243 0.603   1.0
0.842 0.079 0.005 0.890   -1.0
0.445 0.672 0.133 0.932   1.0
0.563 0.643 0.393 0.709   1.0
0.558 0.663 0.282 0.776   1.0
0.134 0.851 0.234 0.085   -1.0
0.048 0.133 0.868 0.605   -1.0
0.569 0.453 0.988 0.319   1.0
0.855 0.999 0.725 0.717   1.0
0.185 0.246 0.563 0.112   -1.0
0.364 0.352 0.165 0.490   -1.0
0.615 0.970 0.883 0.047   1.0
0.159 0.013 0.813 0.341   -1.0
0.206 0.920 0.630 0.714   1.0
0.427 0.944 0.532 0.500   1.0
0.331 0.982 0.193 0.620   1.0
0.735 0.554 0.575 0.328   1.0
0.678 0.144 0.003 0.578   -1.0
0.875 0.092 0.626 0.548   1.0
0.313 0.349 0.881 0.002   -1.0
0.220 0.044 0.237 0.032   -1.0
0.778 0.133 0.285 0.627   -1.0
0.753 0.271 0.705 0.317   1.0
0.368 0.902 0.197 0.721   1.0
0.752 0.229 0.594 0.475   1.0
0.602 0.016 0.355 0.935   -1.0
0.091 0.624 0.124 0.889   -1.0
0.439 0.296 0.242 0.779   -1.0
0.454 0.840 0.641 0.589   1.0
0.578 0.203 0.375 0.337   -1.0
0.558 0.144 0.412 0.643   1.0
0.863 0.844 0.585 0.447   1.0
0.814 0.587 0.235 0.361   -1.0
0.995 0.451 0.727 0.227   1.0
0.950 0.320 0.967 0.304   1.0
0.134 0.875 0.318 0.715   1.0
0.987 0.372 0.066 0.023   -1.0
0.024 0.396 0.542 0.602   -1.0
0.815 0.399 0.883 0.576   1.0
0.804 0.637 0.468 0.678   1.0
0.553 0.140 0.734 0.972   1.0
0.173 0.833 0.975 0.869   1.0
0.976 0.930 0.956 0.244   1.0
0.703 0.284 0.169 0.653   -1.0
0.765 0.273 0.193 0.542   -1.0
0.553 0.538 0.874 0.455   1.0
0.253 0.730 0.400 0.172   -1.0
0.106 0.969 0.499 0.286   -1.0
0.802 0.929 0.362 0.314   1.0
0.876 0.900 0.010 0.743   1.0
0.150 0.947 0.289 0.083   -1.0
0.037 0.586 0.390 0.450   -1.0
0.090 0.233 0.164 0.101   -1.0
0.587 0.144 0.521 0.371   1.0
0.797 0.362 0.275 0.538   -1.0
0.338 0.178 0.517 0.204   -1.0
0.187 0.732 0.802 0.274   -1.0
0.036 0.442 0.721 0.423   -1.0
0.922 0.592 0.600 0.020   1.0
0.668 0.556 0.572 0.601   1.0
0.284 0.014 0.520 0.579   -1.0
0.103 0.669 0.935 0.547   1.0
0.138 0.354 0.941 0.529   -1.0
0.097 0.154 0.824 0.618   -1.0
0.854 0.897 0.658 0.109   1.0
0.169 0.111 0.524 0.521   -1.0
0.332 0.433 0.117 0.591   -1.0
0.438 0.649 0.384 0.999   1.0
0.467 0.100 0.269 0.579   -1.0
0.851 0.887 0.731 0.314   1.0
0.421 0.527 0.181 0.088   -1.0
0.987 0.379 0.068 0.282   -1.0
0.315 0.797 0.080 0.563   -1.0
0.400 0.369 0.541 0.158   -1.0
0.271 0.616 0.948 0.819   1.0
0.808 0.100 0.276 0.807   -1.0
0.472 0.962 0.080 0.854   -1.0
0.178 0.398 0.175 0.672   -1.0
0.061 0.009 0.469 0.197   -1.0
0.241 0.087 0.774 0.960   1.0
0.422 0.913 0.518 0.598   1.0
0.103 0.550 0.401 0.565   -1.0
0.855 0.733 0.493 0.981   1.0
0.776 0.149 0.816 0.467   1.0
0.882 0.955 0.592 0.358   1.0
0.489 0.257 0.300 0.950   -1.0
0.688 0.415 0.449 0.463   1.0
0.952 0.548 0.480 0.991   1.0
0.463 0.541 0.603 0.766   1.0
0.172 0.052 0.661 0.804   -1.0
0.930 0.311 0.975 0.002   1.0
0.434 0.386 0.645 0.829   -1.0
0.184 0.838 0.865 0.921   1.0
0.331 0.722 0.641 0.594   1.0
0.213 0.648 0.528 0.323   -1.0
0.939 0.476 0.511 0.984   1.0
0.385 0.125 0.149 0.189   -1.0
0.917 0.653 0.864 0.617   1.0
0.704 0.921 0.104 0.477   1.0
0.141 0.225 0.058 0.401   -1.0
0.058 0.916 0.938 0.552   1.0
0.093 0.141 0.601 0.070   -1.0
0.013 0.321 0.601 0.878   -1.0
0.237 0.571 0.371 0.631   -1.0
0.142 0.213 0.282 0.179   -1.0
0.582 0.957 0.206 0.395   1.0
0.496 0.921 0.859 0.314   1.0
0.321 0.499 0.212 0.730   -1.0
0.789 0.811 0.526 0.361   1.0
0.345 0.949 0.437 0.908   1.0
0.257 0.812 0.898 0.348   1.0
0.209 0.170 0.767 0.649   -1.0
0.167 0.038 0.697 0.472   -1.0
0.488 0.953 0.846 0.279   1.0
0.618 0.815 0.401 0.003   -1.0
0.896 0.187 0.959 0.909   1.0
0.797 0.858 0.834 0.113   1.0
0.793 0.802 0.875 0.855   1.0
0.340 0.939 0.957 0.154   1.0
0.283 0.041 0.246 0.847   -1.0
0.973 0.727 0.032 0.093   -1.0
0.805 0.713 0.825 0.384   1.0
0.379 0.244 0.107 0.512   -1.0
0.331 0.258 0.299 0.200   -1.0
0.301 0.122 0.497 0.404   -1.0
0.857 0.828 0.348 0.164   1.0
0.453 0.258 0.721 0.627   1.0
0.315 0.286 0.472 0.319   1.0
0.870 0.133 0.375 0.845   1.0
0.948 0.203 0.621 0.142   -1.0
0.211 0.601 0.731 0.804   1.0
0.309 0.646 0.469 0.792   1.0
0.104 0.043 0.651 0.457   -1.0
0.885 0.006 0.858 0.004   -1.0
0.273 0.990 0.762 0.338   1.0
0.581 0.381 0.117 0.756   -1.0
0.817 0.289 0.893 0.418   1.0
0.591 0.229 0.320 0.778   -1.0
0.928 0.262 0.685 0.985   1.0
0.038 0.344 0.644 0.678   -1.0
0.502 0.708 0.120 0.555   -1.0
0.980 0.672 0.467 0.991   1.0
0.780 0.576 0.626 0.057   1.0
0.388 0.334 0.380 0.892   -1.0
0.392 0.494 0.583 0.135   -1.0
0.317 0.501 0.423 0.905   1.0
0.100 0.460 0.456 0.070   -1.0
0.170 0.633 0.271 0.662   -1.0
0.317 0.743 0.733 0.086   -1.0
0.459 0.145 0.406 0.857   -1.0
0.198 0.846 0.309 0.332   -1.0
0.310 0.969 0.133 0.069   -1.0
0.892 0.018 0.156 0.307   -1.0
0.885 0.824 0.267 0.252   1.0
0.560 0.762 0.136 0.383   -1.0
0.357 0.424 0.027 0.484   -1.0
0.064 0.831 0.768 0.221   -1.0
0.933 0.483 0.817 0.225   1.0
0.063 0.824 0.851 0.700   1.0
0.056 0.340 0.689 0.926   1.0
0.555 0.435 0.037 0.228   -1.0
0.125 0.416 0.076 0.506   -1.0
0.029 0.193 0.083 0.568   -1.0
0.421 0.732 0.399 0.075   -1.0
0.228 0.862 0.518 0.215   -1.0
0.017 0.362 0.116 0.525   -1.0
0.411 0.153 0.064 0.516   -1.0
0.952 0.262 0.201 0.219   -1.0
0.906 0.579 0.493 0.783   1.0
0.456 0.349 0.641 0.285   1.0
0.877 0.964 0.708 0.241   1.0
0.162 0.277 0.893 0.936   1.0
0.679 0.698 0.977 0.333   1.0
0.661 0.078 0.979 0.029   -1.0
0.097 0.144 0.374 0.411   -1.0
0.062 0.974 0.673 0.761   -1.0
0.231 0.125 0.890 0.691   -1.0
0.034 0.115 0.616 0.241   -1.0
0.993 0.843 0.383 0.257   1.0
0.777 0.199 0.865 0.646   1.0
0.207 0.567 0.665 0.400   -1.0
0.106 0.679 0.957 0.009   -1.0
0.239 0.457 0.795 0.373   -1.0
0.921 0.923 0.614 0.485   1.0
0.175 0.798 0.073 0.363   -1.0
0.519 0.315 0.445 0.277   -1.0
0.798 0.142 0.480 0.604   1.0
0.917 0.917 0.978 0.482   1.0
0.181 0.088 0.562 0.974   -1.0
0.465 0.214 0.714 0.024   -1.0
0.776 0.393 0.030 0.458   -1.0
0.899 0.674 0.300 0.644   1.0
0.464 0.207 0.864 0.397   -1.0
0.469 0.481 0.916 0.897   1.0
0.365 0.326 0.524 0.923   1.0
0.357 0.089 0.285 0.183   -1.0
0.333 0.909 0.179 0.155   -1.0
0.935 0.118 0.891 0.329   1.0
0.169 0.830 0.690 0.116   -1.0
0.189 0.945 0.675 0.116   -1.0
0.754 0.296 0.696 0.683   1.0
0.362 0.014 0.332 0.677   -1.0
0.681 0.255 0.487 0.652   1.0
0.300 0.721 0.936 0.821   1.0
0.671 0.980 0.747 0.000   1.0
0.624 0.712 0.593 0.410   1.0
0.211 0.765 0.644 0.153   -1.0
0.423 0.769 0.863 0.856   1.0
0.600 0.432 0.366 0.151   -1.0
0.237 0.248 0.314 0.867   -1.0
0.020 0.047 0.189 0.796   -1.0
0.302 0.381 0.506 0.808   -1.0
0.512 0.447 0.536 0.585   1.0
0.008 0.831 0.501 0.645   -1.0
0.970 0.496 0.489 0.310   1.0
0.907 0.777 0.320 0.456   1.0
0.558 0.108 0.912 0.124   -1.0
0.969 0.647 0.228 0.109   -1.0
0.449 0.566 0.842 0.322   1.0
0.824 0.551 0.959 0.028   1.0
0.643 0.172 0.291 0.670   -1.0
0.018 0.581 0.614 0.091   -1.0
0.859 0.418 0.150 0.472   -1.0
0.488 0.607 0.599 0.838   1.0
0.405 0.277 0.619 0.315   -1.0
0.158 0.117 0.234 0.286   -1.0
0.458 0.534 0.703 0.179   -1.0
0.406 0.101 0.224 0.083   -1.0
0.606 0.876 0.807 0.008   1.0
0.743 0.217 0.611 0.389   -1.0
0.821 0.452 0.603 0.499   1.0
0.036 0.445 0.747 0.071   -1.0
0.488 0.309 0.148 0.435   -1.0
0.649 0.449 0.962 0.495   1.0
0.713 0.271 0.864 0.940   1.0
0.468 0.882 0.407 0.680   1.0
0.109 0.911 0.610 0.266   -1.0
0.760 0.146 0.836 0.804   1.0
0.651 0.095 0.720 0.683   1.0
0.566 0.678 0.321 0.312   -1.0
0.197 0.573 0.787 0.432   -1.0
0.682 0.886 0.813 0.146   1.0
0.934 0.058 0.160 0.074   -1.0
0.737 0.453 0.617 0.131   -1.0
0.558 0.652 0.784 0.579   1.0
0.097 0.057 0.916 0.381   -1.0
0.433 0.096 0.244 0.830   -1.0
0.967 0.684 0.037 0.872   -1.0
0.559 0.643 0.833 0.359   1.0
0.656 0.813 0.887 0.181   1.0
0.900 0.123 0.204 0.839   1.0
0.296 0.924 0.431 0.983   1.0
0.722 0.517 0.903 0.722   -1.0
0.812 0.173 0.996 0.237   1.0
0.109 0.756 0.886 0.969   1.0
0.373 0.740 0.037 0.408   -1.0
0.965 0.131 0.095 0.853   1.0
0.524 0.573 0.528 0.426   1.0
0.578 0.258 0.546 0.803   1.0
0.263 0.935 0.966 0.769   1.0
0.514 0.613 0.105 0.916   1.0
0.198 0.631 0.605 0.962   1.0
0.173 0.853 0.546 0.681   1.0
0.147 0.057 0.782 0.240   -1.0
0.018 0.142 0.524 0.259   -1.0
0.815 0.413 0.507 0.062   -1.0
0.376 0.055 0.964 0.987   1.0
0.087 0.748 0.597 0.892   -1.0
0.904 0.005 0.277 0.247   -1.0
0.618 0.988 0.141 0.162   -1.0
0.481 0.195 0.666 0.057   -1.0
0.495 0.943 0.577 0.791   1.0
0.500 0.362 0.962 0.359   1.0
0.279 0.544 0.817 0.219   -1.0
0.522 0.770 0.866 0.636   1.0
0.478 0.472 0.279 0.626   -1.0
0.952 0.610 0.378 0.724   1.0
0.961 0.847 0.987 0.114   1.0
0.196 0.796 0.695 0.280   -1.0
0.705 0.082 0.709 0.154   -1.0
0.477 0.757 0.028 0.742   1.0
0.153 0.335 0.101 0.706   -1.0
0.570 0.809 0.830 0.612   1.0
0.957 0.412 0.513 0.243   1.0
0.970 0.715 0.873 0.950   1.0
0.723 0.611 0.247 0.554   1.0
0.855 0.672 0.692 0.835   1.0
0.011 0.953 0.220 0.784   -1.0
0.515 0.910 0.117 0.788   -1.0
0.057 0.632 0.705 0.851   1.0
0.025 0.846 0.264 0.415   -1.0
0.028 0.537 0.919 0.270   -1.0
0.805 0.125 0.307 0.424   -1.0
0.717 0.365 0.112 0.586   -1.0
0.560 0.275 0.047 0.336   -1.0
0.078 0.358 0.302 0.312   -1.0
0.032 0.977 0.531 0.284   -1.0
0.515 0.196 0.350 0.480   -1.0
0.102 0.556 0.190 0.828   -1.0
0.984 0.085 0.452 0.869   -1.0
0.251 0.931 0.991 0.466   1.0
0.402 0.874 0.847 0.718   1.0
0.294 0.534 0.329 0.987   1.0
0.120 0.083 0.315 0.491   -1.0
0.771 0.269 0.732 0.661   1.0
0.097 0.269 0.433 0.011   -1.0
0.599 0.983 0.155 0.182   -1.0
0.331 0.277 0.227 0.336   -1.0
0.585 0.903 0.818 0.770   1.0
0.841 0.720 0.403 0.021   -1.0
0.361 0.539 0.258 0.660   -1.0
0.633 0.687 0.432 0.257   1.0
0.392 0.458 0.720 0.856   1.0
0.194 0.270 0.957 0.677   1.0
0.906 0.525 0.265 0.256   -1.0
0.837 0.173 0.979 0.734   1.0
0.222 0.512 0.211 0.579   -1.0
0.283 0.549 0.657 0.415   1.0
0.955 0.839 0.805 0.609   1.0
0.764 0.409 0.910 0.926   1.0
0.204 0.412 0.540 0.803   -1.0
0.403 0.606 0.077 0.875   1.0
0.132 0.549 0.346 0.796   -1.0
0.208 0.637 0.147 0.645   -1.0
0.509 0.572 0.181 0.484   -1.0
0.371 0.453 0.275 0.079   -1.0
0.850 0.365 0.410 0.793   1.0
0.294 0.204 0.981 0.505   -1.0
0.002 0.649 0.909 0.545   1.0
0.556 0.617 0.278 0.636   1.0
0.357 0.628 0.228 0.656   -1.0
0.394 0.442 0.575 0.051   -1.0
0.625 0.513 0.524 0.851   1.0
0.973 0.472 0.199 0.986   1.0
0.216 0.985 0.335 0.841   1.0
0.256 0.903 0.376 0.137   -1.0
0.049 0.419 0.967 0.973   1.0
0.359 0.640 0.176 0.228   -1.0
0.014 0.404 0.160 0.568   -1.0
0.505 0.487 0.852 0.335   1.0
0.625 0.272 0.136 0.873   -1.0
0.638 0.228 0.763 0.562   1.0
0.563 0.678 0.132 0.628   1.0
0.168 0.498 0.464 0.665   -1.0
0.167 0.413 0.163 0.187   -1.0
0.665 0.203 0.944 0.871   1.0
0.392 0.080 0.336 0.542   -1.0
0.373 0.147 0.262 0.413   -1.0
0.594 0.813 0.454 0.243   1.0
0.681 0.670 0.427 0.475   1.0
0.801 0.333 0.244 0.487   -1.0
0.901 0.552 0.028 0.328   -1.0
0.964 0.093 0.252 0.486   -1.0
0.364 0.339 0.360 0.593   -1.0
0.262 0.528 0.564 0.880   1.0
0.718 0.745 0.369 0.983   1.0
0.936 0.274 0.021 0.456   -1.0
0.888 0.962 0.145 0.541   1.0
0.442 0.178 0.726 0.038   -1.0
0.165 0.736 0.655 0.570   1.0
0.180 0.653 0.426 0.982   1.0
0.906 0.028 0.486 0.195   -1.0
0.638 0.031 0.046 0.819   -1.0
0.955 0.151 0.226 0.912   1.0
0.781 0.735 0.182 0.739   1.0
0.847 0.482 0.350 0.760   -1.0
0.904 0.830 0.093 0.644   1.0
0.625 0.487 0.757 0.988   1.0
0.157 0.595 0.571 0.838   1.0
0.446 0.766 0.969 0.355   1.0
0.646 0.645 0.292 0.809   1.0
0.617 0.503 0.203 0.730   1.0
0.524 0.611 0.894 0.593   1.0
0.908 0.952 0.569 0.477   -1.0
0.964 0.968 0.294 0.498   1.0
0.632 0.793 0.215 0.395   1.0
0.443 0.941 0.643 0.129   1.0
0.611 0.252 0.962 0.845   1.0
0.537 0.187 0.150 0.398   -1.0
0.408 0.055 0.446 0.269   -1.0
0.481 0.676 0.674 0.978   1.0
0.762 0.689 0.660 0.670   1.0
0.315 0.637 0.807 0.323   1.0
0.596 0.105 0.649 0.012   -1.0
0.509 0.063 0.169 0.333   -1.0
0.897 0.206 0.680 0.884   1.0
0.811 0.849 0.971 0.757   1.0
0.876 0.152 0.962 0.407   1.0
0.678 0.702 0.658 0.105   1.0
0.651 0.991 0.677 0.352   1.0
0.264 0.174 0.862 0.712   1.0
0.968 0.372 0.312 0.788   1.0
0.598 0.138 0.884 0.442   1.0
0.687 0.314 0.576 0.606   1.0
0.471 0.434 0.891 0.824   1.0
0.714 0.322 0.318 0.955   1.0
0.757 0.732 0.802 0.870   1.0
0.198 0.635 0.356 0.116   -1.0
0.545 0.754 0.793 0.077   1.0
0.855 0.199 0.612 0.832   1.0
0.700 0.237 0.478 0.705   1.0
0.893 0.288 0.137 0.661   -1.0
0.405 0.225 0.245 0.072   -1.0
0.690 0.506 0.983 0.658   1.0
0.015 0.974 0.187 0.900   1.0
0.863 0.505 0.230 0.788   1.0
0.261 0.573 0.505 0.239   -1.0
0.257 0.134 0.252 0.992   1.0
0.646 0.022 0.475 0.983   1.0
0.234 0.065 0.313 0.936   -1.0
0.886 0.467 0.096 0.905   1.0
0.192 0.400 0.277 0.321   -1.0
0.563 0.319 0.472 0.229   -1.0
0.028 0.353 0.368 0.216   -1.0
0.951 0.642 0.074 0.626   1.0
0.932 0.076 0.004 0.535   -1.0
0.333 0.088 0.243 0.745   -1.0
0.119 0.114 0.567 0.405   -1.0
0.204 0.482 0.901 0.675   1.0
0.408 0.930 0.958 0.068   1.0
0.609 0.489 0.451 0.601   1.0
0.702 0.669 0.734 0.176   1.0
0.780 0.218 0.470 0.114   -1.0
0.886 0.816 0.099 0.971   1.0
0.073 0.911 0.116 0.679   1.0
0.177 0.887 0.554 0.095   -1.0
0.417 0.410 0.294 0.331   -1.0
0.124 0.849 0.425 0.717   1.0
0.872 0.801 0.750 0.392   1.0
0.855 0.692 0.182 0.414   -1.0
0.858 0.852 0.406 0.478   1.0
0.481 0.688 0.251 0.992   1.0
0.062 0.438 0.651 0.927   1.0
0.394 0.379 0.415 0.194   -1.0
0.233 0.569 0.994 0.684   1.0
0.152 0.460 0.555 0.286   -1.0
0.113 0.568 0.640 0.167   -1.0
0.371 0.534 0.063 0.798   1.0
0.681 0.063 0.306 0.477   -1.0
0.177 0.362 0.301 0.535   -1.0
0.980 0.289 0.009 0.954   1.0
0.888 0.822 0.708 0.265   1.0
0.013 0.446 0.845 0.304   -1.0
0.380 0.465 0.154 0.621   -1.0
0.798 0.114 0.982 0.848   1.0
0.635 0.439 0.468 0.612   1.0
0.692 0.644 0.407 0.560   1.0
0.896 0.752 0.481 0.982   1.0
0.712 0.591 0.453 0.031   -1.0
0.299 0.501 0.958 0.596   1.0
0.898 0.307 0.971 0.038   -1.0
0.446 0.933 0.046 0.150   -1.0
0.884 0.419 0.290 0.522   -1.0
0.736 0.155 0.086 0.956   -1.0
0.980 0.585 0.982 0.197   1.0
0.007 0.048 0.316 0.465   -1.0
0.200 0.433 0.984 0.351   -1.0
0.811 0.694 0.833 0.675   1.0
0.064 0.438 0.064 0.158   -1.0
0.042 0.405 0.773 0.763   -1.0
0.725 0.391 0.925 0.860   1.0
0.303 0.446 0.699 0.291   -1.0
0.094 0.621 0.683 0.839   1.0
0.943 0.880 0.140 0.317   1.0
0.409 0.951 0.089 0.767   1.0
0.797 0.741 0.942 0.786   1.0
0.103 0.009 0.796 0.126   1.0
0.839 0.109 0.933 0.813   1.0
0.111 0.758 0.409 0.175   -1.0
0.957 0.714 0.289 0.092   1.0
0.980 0.413 0.019 0.496   -1.0
0.435 0.602 0.240 0.635   -1.0
0.431 0.033 0.623 0.156   -1.0
0.087 0.235 0.263 0.731   -1.0
0.524 0.557 0.347 0.990   1.0
0.033 0.313 0.133 0.250   -1.0
0.427 0.588 0.868 0.092   -1.0
0.397 0.755 0.782 0.637   1.0
0.055 0.346 0.950 0.948   1.0
0.381 0.701 0.625 0.970   1.0
0.703 0.652 0.812 0.404   1.0
0.864 0.335 0.196 0.678   1.0
0.382 0.108 0.076 0.406   -1.0
0.529 0.797 0.571 0.869   1.0
0.937 0.436 0.598 0.851   1.0
0.107 0.642 0.406 0.916   1.0
0.390 0.952 0.610 0.574   1.0
0.328 0.333 0.424 0.143   -1.0
0.356 0.823 0.383 0.025   -1.0
0.180 0.211 0.233 0.135   -1.0
0.035 0.905 0.295 0.279   -1.0
0.735 0.446 0.248 0.692   1.0
0.197 0.109 0.758 0.233   -1.0
0.685 0.723 0.682 0.667   1.0
0.033 0.969 0.159 0.810   -1.0
0.588 0.985 0.902 0.192   1.0
0.690 0.182 0.817 0.392   1.0
0.108 0.610 0.265 0.047   -1.0
0.019 0.781 0.186 0.036   -1.0
0.992 0.979 0.792 0.472   1.0
0.586 0.064 0.181 0.110   -1.0
0.802 0.751 0.037 0.533   1.0
0.450 0.007 0.748 0.234   -1.0
0.981 0.257 0.106 0.432   -1.0
0.768 0.200 0.727 0.607   1.0
0.501 0.546 0.502 0.016   -1.0
0.055 0.140 0.836 0.516   -1.0
0.620 0.793 0.925 0.323   1.0
0.971 0.427 0.325 0.623   1.0
0.785 0.143 0.042 0.352   -1.0
0.086 0.855 0.625 0.267   -1.0
0.188 0.773 0.136 0.648   -1.0
0.143 0.007 0.363 0.986   -1.0
0.397 0.116 0.030 0.654   -1.0
0.176 0.575 0.394 0.494   -1.0
0.601 0.937 0.534 0.470   1.0
0.487 0.638 0.328 0.978   1.0
0.823 0.353 0.277 0.564   1.0
0.062 0.406 0.350 0.509   -1.0
0.749 0.217 0.035 0.414   -1.0
0.699 0.855 0.240 0.172   -1.0
0.033 0.446 0.980 0.049   -1.0
0.981 0.102 0.358 0.825   1.0
0.873 0.208 0.388 0.132   -1.0
0.451 0.717 0.208 0.877   1.0
0.798 0.377 0.815 0.745   1.0
0.989 0.206 0.147 0.698   -1.0
0.670 0.494 0.314 0.531   1.0
0.632 0.196 0.896 0.874   1.0
0.487 0.750 0.336 0.371   -1.0
0.016 0.029 0.985 0.208   -1.0
0.258 0.376 0.462 0.523   1.0
0.397 0.164 0.177 0.567   -1.0
0.743 0.385 0.340 0.271   -1.0
0.910 0.631 0.379 0.285   -1.0
0.667 0.013 0.092 0.598   -1.0
0.540 0.393 0.763 0.232   -1.0
0.955 0.528 0.353 0.585   1.0
0.275 0.439 0.826 0.589   1.0
0.015 0.530 0.899 0.984   1.0
0.233 0.473 0.080 0.512   -1.0
0.925 0.473 0.884 0.100   1.0
0.365 0.687 0.138 0.651   -1.0