1 0.231 0.585 0.787 0.675
2 0.178 0.714 0.839 0.165
3 0.887 0.714 0.457 0.452
4 0.624 0.663 0.291 0.430
5 0.670 0.312 0.796 0.121
6 0.312 0.254 0.339 0.466
7 0.080 0.320 0.653 0.110
8 0.041 0.844 0.649 0.064
9 0.396 0.970 0.137 0.690
10 0.202 0.637 0.476 0.866
11 0.460 0.424 0.684 0.779
12 0.380 0.885 0.046 0.230
13 0.089 0.549 0.746 0.862
14 0.570 0.228 0.557 0.221
15 0.109 0.807 0.113 0.049
16 0.032 0.145 0.810 0.722
17 0.017 0.276 0.848 0.242
18 0.758 0.538 0.462 0.673
19 0.263 0.798 0.858 0.446
20 0.570 0.438 0.904 0.433
21 0.161 0.241 0.084 0.187
22 0.849 0.841 0.768 0.270
23 0.429 0.900 0.316 0.065
24 0.873 0.659 0.052 0.975
25 0.341 0.016 0.637 0.430
26 0.798 0.807 0.876 0.595
27 0.518 0.417 0.486 0.186
28 0.251 0.407 0.860 0.305
29 0.337 0.289 0.354 0.709
30 0.553 0.122 0.131 0.389
31 0.965 0.073 0.097 0.905
32 0.571 0.612 0.948 0.354
33 0.020 0.481 0.876 0.385
34 0.182 0.115 0.955 0.174
35 0.855 0.644 0.730 0.760
36 0.382 0.158 0.065 0.645
37 0.471 0.377 0.758 0.073
38 0.997 0.383 0.962 0.882
39 0.050 0.578 0.945 0.349
40 0.039 0.510 0.225 0.924
41 0.113 0.745 0.596 0.266
42 0.677 0.416 0.091 0.479
43 0.310 0.623 0.407 0.963
44 0.831 0.339 0.825 0.782
45 0.827 0.968 0.153 0.958
46 0.398 0.218 0.729 0.587
47 0.422 0.449 0.008 0.205
48 0.100 0.144 0.771 0.280
49 0.085 0.663 0.483 0.268
50 0.954 0.941 0.835 0.114
51 0.323 0.278 0.994 0.620
52 0.372 0.879 0.604 0.576
53 0.071 0.308 0.054 0.070
54 0.883 0.501 0.062 0.873
55 0.226 0.503 0.089 0.315
56 0.479 0.581 0.625 0.548
57 0.807 0.870 0.878 0.614
58 0.592 0.207 0.890 0.213
59 0.743 0.317 0.621 0.588
60 0.685 0.989 0.020 0.419
61 0.279 0.424 0.630 0.150
62 0.482 0.387 0.743 0.640
63 0.013 0.336 0.646 0.551
64 0.810 0.173 0.985 0.385
65 0.558 0.784 0.779 0.559
66 0.074 0.010 0.119 0.442
67 0.824 0.226 0.075 0.756
68 0.356 0.159 0.850 0.235
69 0.931 0.123 0.708 0.969
70 0.134 0.313 0.713 0.317
71 0.741 0.327 0.796 0.817
72 0.632 0.553 0.205 0.981
73 0.021 0.603 0.842 0.389
74 0.793 0.427 0.540 0.996
75 0.227 0.275 0.801 0.041
76 0.877 0.163 0.025 0.478
77 0.914 0.995 0.771 0.328
78 0.682 0.998 0.066 0.868
79 0.772 0.634 0.310 0.048
80 0.390 0.632 0.795 0.054
81 0.285 0.307 0.377 0.422
82 0.046 0.816 0.327 0.604
83 0.017 0.513 0.897 0.396
84 0.648 0.054 0.634 0.132
85 0.522 0.409 0.957 0.060
86 0.876 0.439 0.055 0.785
87 0.877 0.198 0.616 0.209
88 0.437 0.606 0.421 0.857
89 0.848 0.657 0.351 0.008
90 0.034 0.817 0.809 0.525
91 0.669 0.772 0.121 0.800
92 0.973 0.168 0.921 0.716
93 0.453 0.518 0.062 0.031
94 0.374 0.918 0.090 0.094
95 0.232 0.742 0.798 0.298
96 0.029 0.951 0.906 0.171
97 0.612 0.195 0.387 0.525
98 0.869 0.353 0.474 0.548
99 0.060 0.665 0.884 0.268
100 0.062 0.121 0.286 0.278
